*     project3-part-d2.f

************************************************************************


      include 'jacobi.f'
      
*      implicit real*8(a-h,o-z)
      parameter (n=6)
      dimension a(n,n),d(n),v(n,n)
      
      np=n
      
      a(1,1)=0.19151945
      a(1,2)=0.44928651
      a(1,3)=0.56059534
      a(1,4)=0.7790926
      a(1,5)=0.85655796
      a(1,6)=0.57086
      
      a(2,1)=0.44928651
      a(2,2)=0.80187218
      a(2,3)=0.83542069
      a(2,4)=0.87928691
      a(2,5)=0.50459771
      a(2,6)=0.46858427
      
      a(3,1)=0.56059534
      a(3,2)=0.83542069
      a(3,3)=0.37025075
      a(3,4)=0.46304108
      a(3,5)=0.45014287
      a(3,6)=0.40795805
      
      a(4,1)=0.7790926
      a(4,2)=0.87928691
      a(4,3)=0.46304108
      a(4,4)=0.61539618
      a(4,5)=0.43205569
      a(4,6)=0.25629542
      
      a(5,1)=0.85655796
      a(5,2)=0.50459771
      a(5,3)=0.45014287
      a(5,4)=0.43205569
      a(5,5)=0.31683612
      a(5,6)=0.63617981
      
      a(6,1)=0.57086
      a(6,2)=0.46858427
      a(6,3)=0.40795805
      a(6,4)=0.25629542
      a(6,5)=0.63617981
      a(6,6)=0.70458131
      
      call jacobi(a,n,np,d,v,nrot)
      
      do i=1,n
*        write(*,*) a(i,1:n)
      end do      
      
      do i=1,n
        write(*,*) d(i)
      end do

      write(*,*) 'Program Finished'
      stop
      end
